ATMOFX_BODY:NEEDS[OPM]
{
	name = Urlum
	config_version = 5
	
	strength_multiplier = 1
	length_multiplier = 1
	opacity_multiplier = 1
	wrap_fresnel_modifier = 0
	particle_threshold = 1200
	streak_probability = 0.0700000003
	streak_threshold = -0.200000003
	Color
	{
		glow = 191 80 50 1.4
		glow_hot = 191 90 65 2.5
		trail_primary = 167 54 207 2.5
		trail_secondary = 222 154 241 1.8
		trail_tertiary = 191 124 73 2
		trail_streak = 225 158 249 2
		wrap_layer = 191 124 73 2
		wrap_streak = 76 116 191 2.5
		shockwave = 87 49 161 3
	}
}
